{
    "Camera_Matrix": {
        "type_id": "opencv-matrix",
        "rows": 3,
        "cols": 3,
        "dt": "d",
        "data": [ 6.0089898372482708e+02, 0.0, 3.2208534459798688e+02,
            0.0, 6.0056987502024731e+02, 2.4473067620280557e+02, 0.0,
            0.0, 1.0 ]
    },
    "Distortion_Parameters": {
        "type_id": "opencv-matrix",
        "rows": 1,
        "cols": 5,
        "dt": "d",
        "data": [ -5.1758927187751248e-02, 1.1869760546480312e-01,
            -1.4484458371708802e-03, 2.6613549788545620e-03,
            -1.1956756135298334e-01 ]
    }
}
